24146
23377
31154
28306
11781
14460
2392
24392
23685
10831
1945
29369
8575
1754
6428
8290
6051
21609
3010
26876
19198
28340
4699
3464
20760
21195
44
11039
18125
15808
16417
18294
20460
2578
978
6707
29841
30684
26168
7923
30786
19394
32300
15384
1740
28822
7331
2643
21212
1998
12971
2293
604
5287
6948
19189
1171
11797
17471
26816
11771
25457
29880
17092
13793
16353
10451
24763
29119
6278
17176
31159
27225
4457
3277
28914
9882
1315
16952
21331
18476
15182
9873
8640
21977
6574
23497
29734
20388
15391
31230
16713
26790
7998
8889
22348
682
18903
3053
20736
